Engineering :42.0868783,-75.9683081
Mohawk:42.0869815,-75.9660407
*Decker Student Health Services*:42.0854801,-75.965026
Dickinson:42.08722,-75.9650197
Newing:42.0884571,-75.9629196
Couper Admin:42.089673,-75.9656637
East Gym:42.090907,-75.9673491
West Gym:42.0916676,-75.9710786
Maguire Building:42.0915769,-75.9738095
Clearview:42.0890516,-75.9743059
Susquehanna:42.086269,-75.9743347
Hillside:42.087084,-75.9782069
Mountainview:42.0839324,-75.9702334
Academic A:42.0883641,-75.9732206
Engineering :42.0868783,-75.9683081
