Union:42.0868775,-75.9670745
Hayes:42.08806,-75.9566203
Meadows:42.0892441,-75.9559136
UP:42.0919452,-75.9520183
State and Hawley:42.0972111,-75.9124762
Academic A:42.088865,-75.9731209
Union:42.0868822,-75.9670111
