Mohawk:42.0869728,-75.9660908
Innovative Technologies Complex:42.0934781,-75.9587236
UClub:42.0924098,-75.9538078
Meadows:42.0893543,-75.9558189
Hayes:42.0883397,-75.9562796
Washington and Lehigh:42.0824854,-75.9595187
Union:42.0868769,-75.9670978
