Union:42.0868775,-75.9670745
UDC:42.0957641,-75.9141736
Academic A:42.088865,-75.9731209
Union:42.0868822,-75.9670111
