Mohawk:42.0869728,-75.9660908
Newing:42.0884589,-75.9629197
Couper Admin Building:42.0896721,-75.965669
East Gym:42.0909098,-75.9673516
UClub:42.0924104,-75.9538116
Meadows:42.0893326,-75.955882
Hayes:42.0883109,-75.9563557
Washington and Lehigh:42.0824875,-75.9595197
Union:42.0868822,-75.9670111
